3401
3409
3411
3413
3415
3420
3421
3423
3431
3433
3435
3437
3438
3801
3863
3868
3869
3873
3880
3881
3882
3894
3895
3899
4007
4041
4088
4998
4999
5000
6265
6341
6344
6397
6613
6969
7096
7171
7253
7302
7434
7516
7550
7552
7599
7696
7698
7734
7735
7898
7969
7973
8121
8258
8261
8334
8461
8732
8911
9331
9332
9575
9597
9709
9729
9824
9920
9963
9970
10001
10004
10006
10176
10242
10270
10525
10534
10660
10783
10932
11016
11081
11213
11257
11258
11296
11313
11358
11377
11385
11413
11471
11637
11721
11765
11766
11833
12026
12055
12074
12091
12106
12137
12153
12162
12222
12234
12260
12320
12325
12328
12450
12487
12581
12590
12628
12642
12676
12712
12781
12782
12788
12849
12869
12906
12938
12944
12953
12960
12998
13010
13036
13082
13083
13087
13088
13089
13199
13208
13264
13265
13266
13334
13370
13371
13384
13390
13397
13417
13418
13466
13500
13507
13508
13571
13579
13595
13601
13602
13668
13669
13735
13746
13750
13761
13852
13896
13923
13924
13927
13931
13934
13978
13979
14016
14025
14041
14054
14056
14112
14114
14180
14193
14196
14209
14288
14297
14298
14356
14401
14421
14439
14483
14496
14580
14581
14586
14624
14660
14668
14672
14676
14751
14765
14795
14849
14852
14854
14898
14932
14935
14939
14944
14947
14948
14952
14957
14958
14962
14963
14970
15013
15027
15032
15036
15079
15089
15105
15118
15123
15242
15271
15274
15276
15277
15332
15337
15379
15514
15515
15518
15523
15524
15527
15626
15627
15628
15640
15692
15731
15733
15734
15737
15739
15741
15774
15844
15851
15854
15870
15967
15994
15996
16091
16104
16198
16213
16214
16223
16228
16236
16278
16300
16380
16386
16392
16502
16516
16524
16528
16530
16531
16534
16536
16537
16632
16650
16731
16740
16749
16809
16811
16841
16843
16845
16849
16852
16943
17037
17042
17069
17119
17145
17147
17154
17157
17159
17160
17242
17268
17355
17360
17383
17396
17433
17443
17445
17449
17600
17614
17660
17754
17765
17781
17785
17795
17797
17801
17805
17988
17997
18007
18017
18166
18176
18177
18182
18183
18188
18190
18191
18192
18193
18195
18314
18325
18458
18478
18487
18498
18499
18502
18506
18507
18508
18510
18721
18732
18744
18812
18824
18825
18826
18830
18912
18915
19021
19077
19148
19152
19172
19178
19184
19188
19360
19375
19403
19419
19473
19492
19493
19500
19502
19505
19507
19619
19623
19628
19633
19718
19842
19847
19853
19863
19870
19877
19879
19881
19886
19891
20068
20196
20212
20213
20219
20221
20222
20280
20287
20295
20411
20428
20435
20481
20489
20509
20512
20515
20517
20519
20567
20568
20569
20570
20578
20587
20595
20607
20723
20724
20749
20768
20771
20776
20782
20786
20944
21038
21054
21141
21154
21176
21177
21183
21186
21188
21226
21230
21231
21359
21371
21382
21428
21441
21443
21444
21451
21453
21460
21461
21577
21610
21614
21616
21637
21730
21732
21733
21783
21792
21800
21801
21810
21811
21907
21936
21948
21959
22083
22134
22142
22143
22144
22147
22150
22199
22533
22540
22543
22552
22715
22728
22729
22746
22747
